Food: peach
Serving Size: 147.0 grams
Calories: 39.0 kcal
Carbs: 9.54 grams
Protein: 0.91 grams
Fat: 0.25 grams
Fiber: 1.5 grams
s

96481212 grams
Fat: 6.535449434006678 grams
Fiber: 1.3580049088528279 grams
